4319
8355
2693
7579
1080
7480
2186
230
8862
1087
2572
9881
3383
4463
9777
987
9202
9808
6525
3432
7924
6710
6068
4326
1920
209
2693
2448
1784
8677
122
2080
6139
3604
6962
6455
389
1402
2831
9105
7929
16
635
8293
5702
8580
5077
3342
8353
4198
8124
7146
8534
5002
785
7609
2286
8367
5658
870
4787
9739
8446
185
965
492
3741
9780
7502
3322
597
7800
6977
7421
5504
7908
6074
7775
8624
3341
5133
9351
4095
7586
552
2977
3547
1136
2819
9353
4168
2022
5745
1960
4317
8191
1570
450
7328
5210
4838
5298
5841
5031
3601
324
168
1113
9499
2877
1534
4512
9744
2317
5738
5437
5643
859
9633
7988
6945
2605
6960
8150
9155
8576
2054
5017
3103
7314
6337
5624
446
3413
8503
9835
3510
9065
3985
228
2808
2433
1637
9942
7818
9656
2279
3427
6222
8881
2547
710
818
9340
8265
2233
8338
7691
5877
5025
8270
5152
8010
2185
6540
5911
4065
6330
3814
5904
1926
6579
6875
9405
5180
4512
967
7019
331
9499
6297
8627
8796
4223
4766
5627
4806
1106
5149
6269
1497
5819
3188
8960
1958
7657
4424
9453
3401
1906
5591
5949
9614
318
6955
5969
3836
1413
4160
3753
1265
1319
7360
6378
8729
9643
6357
3787
7420
913
1105
2958
1181
7545
4407
6107
3391
7915
7446
7524
88
1514
3617
8425
3907
347
9014
8477
7269
8797
1790
3392
6946
1395
5004
177
8460
6810
231
2316
1299
636
2033
2488
801
2632
4768
2068
5912
847
2578
5922
3968
6637
3665
9752
7702
8935
2470
8382
628
7880
6519
8623
9124
7713
6012
9786
2541
4229
7648
6581
7684
5129
6224
9452
9482
1129
7624
1275
5580
6946
2565
6422
6219
5869
9424
309
7731
5253
2475
9525
4339
1849
1687
3420
4118
3411
3364
3088
6620
4983
9527
1682
3199
5997
8239
8839
413
4213
269
6573
1311
1195
2802
3682
5314
96
2403
3254
8290
5703
2054
7289
1753
8123
2242
5834
3442
2803
5333
6071
7765
4535
4655
596
7420
883
3222
222
7630
584
9896
3518
4983
5903
8214
3144
9048
8005
8106
4021
1008
109
4799
916
2928
2237
9929
5076
3755
2404
5397
7610
8881
4199
8808
6776
6540
2205
6263
4431
6875
2180
5624
7705
5808
8537
2306
5851
9909
9098
6787
5437
4697
1311
5063
7655
9737
3738
7669
5183
954
8146
6468
5226
5188
2285
4638
784
7095
1438
6604
6842
1742
3675
7147
8828
4485
7094
5109
4392
9931
4078
5167
4657
5618
9960
2912
7569
9136
1153
7039
2801
4537
1079
3477
8729
5713
398
2517
3522
3898
1521
8756
8471
2494
9945
3695
1022
4164
6235
3169
2643
8629
3276
5252
6876
2978
1811
9609
5228
9373
7069
1648
5942
4399
3803
2305
662
197
8419
3115
4087
4576
1587
493
8410
5322
6697
2163
5673
6265
1890
3404
2900
7984
4396
4172
1260
5828
6601
5750
3902
790
7290
4149
6830
9874
2814
4071
8691
7640
3033
824
5746
3120
9083
8067
7042
2782
6843
1553
6282
9648
3935
8963
7483
3664
8748
7959
2
9631
1044
4835
3596
2668
9214
3296
7286
7439
3664
8536
2508
2625
3472
8033
3232
1065
7658
9780
8901
6329
7131
8479
8985
5048
9469
4254
6855
8327
6667
3165
1125
4856
4068
9061
6595
8198
7228
3077
3907
5786
780
9604
9119
8307
9046
3656
6176
5902
5731
6417
6007
8968
9058
3674
2500
2566
5850
8549
3200
4959
6442
8960
771
498
7411
7653
8557
4412
1438
5034
3837
4581
5872
3115
5548
7528
9360
678
6002
5812
8078
952
2595
249
7159
2157
5798
394
6560
4029
2348
8680
9878
8948
9345
1821
8832
8620
896
1392
5099
1763
4464
697
2580
1426
3095
5943
8126
4973
3206
5172
2546
7388
6882
5489
6364
522
3340
5254
1854
8163
7852
7409
2685
5158
4703
6925
3770
3727
8696
740
9782
4610
712
6314
6488
1898
7669
5733
9062
9856
2269
1587
822
7176
6133
2489
2066
3856
5458
8309
5280
5642
9539
6937
3912
7056
8012
7423
6723
6171
2173
4398
6277
2466
5390
7937
6676
567
9001
4465
2854
7607
6192
1999
5893
6265
6586
5509
9025
2214
4858
9914
8270
387
5461
4139
5072
3776
2402
9433
3886
246
9011
2890
7683
7871
5310
8357
1786
8196
5814
1499
4855
992
5455
7673
9450
7539
1043
7647
469
2502
8398
4509
1313
2259
6129
5890
7005
1250
2865
2899
8165
9568
579
2607
8597
3302
4317
8023
954
8229
3723
828
6400
3359
5058
7278
4933
7789
4690
7533
2732
4755
8963
1384
1848
4501
1576
5423
1742
9421
1351
535
5331
2914
3334
5288
412
2847
9076
6148
3222
3021
6692
2240
8780
7569
8109
7955
7201
8852
956
9217
6561
5332
167
3409
605
9196
759
4096
1725
8894
6280
1534
6878
3187
5498
3486
24
9771
6865
2085
8714
8542
4311
9711
8063
6723
2605
4280
6393
3622
8223
2890
8464
2135
3975
9999
2747
9925
4683
1217
2088
4980
4422
4328
6741
5158
5363
5592
2071
4622
7930
7430
1987
8871
503
8019
1021
456
5346
3882
6591
6479
7703
8104
670
3390
3070
4742
9213
5499
739
100
5088
5647
9998
3734
4120
9983
2969
2905
1359
7013
2208
1770
5692
792
903
9593
1632
5956
8978
2290
4578
800
4627
5609
7277
6318
3657
3351
2088
621
6379
6573
3883
7830
2341
6341
8874
6770
3899
1038
7488
2441
2522
9578
4271
5932
2412
9879
2487
3477
3110
3257
6521
8449
5522
4288
1019
4389
6457
7802
6325
9619
816
738
634
5636
7888
7862
8451
4562
719
4863
2056
7939
4803
2136
8278
5050
1338
1345
3905
3779
864
8612
7511
3122
51
5434
2308
8054
5321
4484
312
6098
4714
7870
1625
1784
8943
8636
8044
4551
1427
7925
2757
8248
1200
8582
3646
3385
6011
5969
3051
5111
3896
2545
8754
2205
3227
7513
5584
2453
5553
397
9242
6235
4550
5959
3225
6934
511
6494
6107
2702
3301
9355
2352
2940
5854
9264
1921
1469
1788
8923
2043
9352
1433
5201
2201
2168
9116
9421
8557
1430
3051
5591
8998
1030
8684
6523
3697
5242
5357
6713
2874
9518
9863
348
1810
4542
193
5814
6351
3964
5592
4114
664
6631
8354
9890
4802
9349
3757
1056
7818
1090
7937
4676
9652
7710
356
1321
4256
9331
5566
6679
6113
5076
6048
2526
9490
1085
3391
7660
1974
3301
3069
4592
5839
8938
4926
2367
2676
8795
1721
4349
1484
4301
8895
1783
1580
5186
697
4100
4185
8872
1557
7020
8399
8913
8002
5589
582
5828
399
3716
5957
6098
9082
4516
8022
3344
8838
713
2784
7990
8646
5462
7610
1216
5194
1812
6182
4265
945
4303
387
9292
3474
3103
1744
6049
6194
6926
935
9338
1785
6848
8395
8005
8392
5387
5219
4378
3762
8236
6349
9984
1316
6196
226
6096
9411
7182
3719
6190
9407
6318
4882
6096
3329
6666
2624
5979
2772
1972
7151
1911
9779
3446
6205
1797
7068
9606
2825
9808
6593
1803
502
2710
7955
404
7975
7278
2877
5648
6639
9013
3207
4745
9932
5467
1966
2298
4676
1725
2762
9240
1605
1789
1085
4437
204
7870
9992
8429
9028
9805
4356
3911
9597
7603
5815
2171
8142
2925
8691
5346
3102
7125
5334
8138
8704
5033
3515
737
9832
4769
4930
1099
7045
7353
198
8714
1625
3517
199
104
7286
4448
6620
6834
4656
9296
5148
2328
9653
9795
4157
1751
3034
7417
6138
4481
6455
2947
5733
5172
4355
9255
8598
4259
4875
3257
6867
2244
7405
7102
546
4624
2725
8587
8060
8654
504
8500
3482
9408
9886
1187
1084
36
612
3179
8065
9629
1214
5717
2258
8679
7784
5028
5750
8032
5851
2361
1959
1399
2429
2904
4923
2551
9249
9533
9026
4448
9357
7485
3977
7955
9465
6326
5287
3168
8170
8561
3646
1696
5192
7239
1029
1687
4843
1868
6840
7698
2836
28
2803
8143
6541
2083
6979
6981
6264
8534
788
1080
4154
3616
271
3730
1740
4303
9214
1458
9742
2581
9863
7290
8716
262
6207
5191
1875
3236
7708
7380
2693
1327
1611
9329
4682
5835
1414
7382
9348
8306
6905
9637
7773
2566
7543
1575
6967
7299
9948
540
2654
5381
7957
255
166
5513
9427
6279
5877
1787
5105
3028
825
3408
8387
2826
2005
943
9049
5906
2889
1832
2111
1435
5677
225
9518
6150
2720
4631
8225
4576
3288
7168
4726
7312
3371
1356
9162
9169
6408
5135
1504
7560
3200
3876
8811
4364
4179
4716
9571
6023
8251
4042
7651
821
3270
6521
4578
9941
5996
3277
3558
1245
3563
529
9740
3658
8682
1075
9456
648
1781
9881
9498
7754
327
4552
8236
1800
1415
5153
1971
8004
5060
2201
6326
9247
9517
3904
4041
6850
6778
9222
3172
3131
1577
258
3997
2671
4137
5153
5682
3103
5261
8923
4241
8370
4545
9898
493
8719
8286
2778
8525
842
1306
5554
6186
1361
4203
493
4141
4777
7034
2605
3870
2560
6708
6366
6177
68
554
5564
7663
6263
9471
8868
2743
6138
7960
7956
4702
9620
3411
5323
8564
4000
696
2330
1825
6023
4073
2635
8469
3644
1011
904
6070
2656
5052
1681
1662
8179
3720
425
8164
2722
5115
2262
1371
2438
2811
47
3401
6247
5791
4521
1366
1710
4041
9871
1863
4377
4541
154
5995
7920
7096
4019
5251
8567
2798
86
1086
6279
6294
6523
5900
2986
7160
5842
8886
8435
958
9387
3211
4026
9234
2222
7853
6491
9538
4359
8615
5181
9819
7285
3638
3566
4430
244
5627
1095
7011
2805
9641
2724
8961
7123
9954
9268
8622
8381
4551
8200
985
3428
3419
5154
6943
1969
8686
4873
6166
8761
9029
8440
1472
5905
6461
9009
2885
2333
8556
6916
215
7790
1424
8153
9746
486
5065
2110
2268
8585
7869
1157
9808
414
4196
6390
3866
8484
6623
2460
1558
753
4930
8251
3777
1201
1252
3056
662
945
6383
6288
9825
7636
7985
3196
2004
5267
5408
6457
6904
6575
2605
7581
891
7872
8632
1057
1709
70
5142
4402
5710
6096
5357
9462
2859
3173
4375
8545
9235
2009
1448
1323
2202
1581
1332
2171
2430
1000
4385
8600
3075
166
5556
4983
8149
7349
7360
5906
2569
194
1347
591
5803
1980
577
3729
2279
8523
336
8832
891
6864
7223
4895
5127
1281
5379
9310
6539
6461
8628
708
5685
6543
1326
5544
539
373
1313
5511
5814
8470
5975
9040
662
856
5521
221
1003
7603
9893
3908
664
5554
7709
6212
2943
661
9857
6868
1970
8050
9367
6109
1566
638
4906
9260
654
5033
3190
1905
7209
4825
3018
2421
888
8183
4233
4270
5760
5157
8307
8937
6568
4720
43
131
8835
5114
2601
9879
516
4446
3541
7764
9103
9867
7474
23
5950
6261
9568
5970
4412
7987
6699
5840
2536
5287
5324
4760
6428
5586
1107
6814
9743
429
9541
6847
594
4775
425
5540
2432
3312
1388
2763
1284
5254
3318
1022
709
4209
8321
9500
5589
2337
4524
8581
8022
4204
7596
3547
9791
7841
3450
4930
3339
6727
8021
8674
325
626
9429
1174
5836
4027
3537
1100
6599
3935
4555
7282
1968
4301
4051
2218
7266
1608
1224
7406
5906
959
8825
6391
7180
6878
5750
4592
9863
6458
9425
4557
7233
4645
696
82
4781
7146
3663
1562
8800
3424
1982
4086
9649
313
1578
5489
3790
1231
7665
1731
5503
615
2767
9366
1801
3038
3995
8958
8278
8946
1238
140
4511
9999
48
7324
3604
3968
7438
120
7945
9663
8606
2482
8978
4739
6742
6866
5299
260
801
8632
8794
7693
9055
6618
1877
1331
8282
1743
3150
4706
3284
9854
2185
1842
9575
9651
264
4255
1885
9822
3793
7545
3787
5840
2009
285
388
7063
6296
7129
3659
8018
8144
2607
1346
6819
944
3430
5446
2273
5687
5695
6970
3239
6378
8753
296
7135
5164
7092
6602
1043
8376
980
4838
1249
3906
3214
4609
1592
943
1218
5447
6022
1046
5267
1710
9579
495
2756
8707
6835
8810
9612
4135
8099
575
548
9462
3257
9990
3254
1898
9205
527
2615
9643
7164
7769
97
2912
7730
8822
3854
1330
4468
247
947
2192
1111
7042
717
6639
2408
8386
9768
2234
8764
6845
6739
674
3358
3752
1352
1602
7690
9321
6243
5495
8431
5625
4546
1809
398
9845
976
8013
4955
8282
9667
7852
9628
8356
8351
6215
9272
6615
9490
819
760
380
878
319
1029
9424
9554
3977
7469
2251
3641
5148
4004
5453
3761
5487
2496
8908
6240
2564
7409
1754
7280
481
7178
8888
1046
5003
5402
5138
2331
1074
9831
5424
4735
8051
4746
4227
779
975
290
7000
543
2704
4641
4519
3848
4174
4594
2863
3718
364
374
6926
3410
9006
3101
396
3141
2142
8377
4551
8575
2331
9921
2566
5317
8580
718
5711
740
8270
8128
5265
2273
408
1210
4575
5841
2659
5039
6872
408
2538
1419
1966
699
2904
2013
5729
4949
4349
1086
8638
2598
5739
8425
8213
2784
2074
9203
5268
3456
8884
2123
5449
2236
5110
4652
3002
7796
8527
4556
481
7103
1504
4143
6036
912
7954
1867
2412
6566
4990
762
6391
7183
9491
2667
6535
1984
2998
1791
3766
3456
9772
3416
1524
415
5971
9731
5589
8253
9012
7933
6423
9794
604
1534
1093
1596
2389
7300
4830
207
6790
8703
8467
8122
5733
8266
2746
2443
8118
1017
4798
6735
790
7026
7332
8089
2618
5621
4942
8224
6278
4160
7555
7057
4339
6598
6579
7957
1573
4938
9596
5698
6962
3558
6666
1068
4949
3403
4683
7705
6984
3146
134
7994
3135
9688
9003
3579
4202
3005
8978
6768
2358
6606
3929
2630
1148
1410
3782
9135
1686
4790
870
3179
1422
9100
9774
7232
359
6263
3139
9216
938
7237
1239
3131
4025
9561
3921
4652
7595
3000
3754
8568
5961
2827
3339
355
9629
4036
9921
3539
9622
5548
6018
2194
2276
6955
6571
4035
9915
1770
3220
7939
9867
9763
5830
5122
5366
797
8606
1587
7489
9131
1540
8687
1035
2302
7219
8596
5761
9418
7603
6323
6343
9600
9594
5390
1219
9046
855
7070
2989
9886
4737
5824
9781
5815
8702
6198
6997
8218
4989
8832
5431
8333
6051
491
4007
7331
1158
9974
9737
7976
8275
496
4168
6897
1596
266
168
439
3902
6321
9943
1535
8599
7603
4393
5717
8907
5220
3601
1020
1598
7543
4429
8772
892
8010
3549
9103
1383
3888
7887
882
7334
5013
1610
4241
1656
2883
4219
8436
6029
6557
4315
8668
8889
3895
9735
8448
6099
8291
8425
5938
6372
8716
6377
732
6068
5396
6004
3587
6717
1066
9057
14
8434
9060
4202
3585
5992
151
4061
6023
1001
5166
4992
5042
3228
5761
9883
6997
8275
5101
3004
3092
5464
1948
4510
8618
8637
878
8173
6260
6880
632
1718
4963
7500
4301
234
9830
9694
6150
2455
5947
4230
2401
4937
1206
3724
1335
7504
306
5513
9007
5312
1615
8062
5965
4551
6485
4550
5584
4949
5113
1979
7801
9144
369
3448
28
7542
8928
5527
53
7303
2125
2646
7058
8863
3062
7012
3304
4893
7301
3374
7866
746
7873
5320
102
6901
1535
9750
3749
5279
4110
1201
7342
3968
6430
3257
4568
7758
3696
3794
8577
4780
5460
1703
3187
8970
1004
7103
1488
9474
1245
690
7648
1738
4113
7054
1271
5049
3346
3127
6007
9178
1777
4774
3193
924
5304
3090
2433
9805
2443
5546
1197
3507
4798
3086
5287
6169
2132
1132
5897
4432
8261
4275
4033
3420
3553
5604
9855
9376
1986
9519
4412
568
7788
9400
3002
685
8511
2263
3666
7915
4670
1683
7030
5700
9493
4141
6941
1027
1767
5102
2916
2213
7231
1574
916
7503
740
9774
7371
9701
3235
3057
7819
2925
1133
629
5719
5398
83
4601
7658
9870
7466
7983
9763
6577
7245
8334
3927
9413
8663
8828
7608
6884
6602
2199
3337
6214
8484
5500
9946
8737
4892
3966
4679
1612
3865
4105
4566
8863
8422
1543
943
7167
7444
3047
4747
9249
1811
4339
257
2406
5846
7959
1037
4407
5450
934
6323
8935
7292
9506
6915
4583
4656
8921
4977
3500
3303
8150
2712
3140
3768
5064
990
7119
7885
441
9440
3555
7452
4089
4402
4144
5242
7539
2890
6934
2928
272
6163
2931
7783
5631
1570
8916
4628
6360
2510
8523
8070
1247
5945
3662
1627
7118
8639
782
6968
3918
6523
5008
1494
2767
1483
3203
5104
2770
9342
7118
6031
8044
571
3031
1987
9782
5358
8138
3493
2074
2491
1524
7932
916
5486
6204
8144
740
2517
8125
8900
2108
9966
9011
3750
1155
1436
5015
4147
8368
3812
1858
7019
5393
2492
25
676
2914
1675
1845
1760
501
7289
4893
1427
4998
7077
578
7281
5279
5059
4364
253
1216
8218
3922
8078
1561
9281
832
8346
342
3990
5126
8263
632
4505
2538
8424
5460
5528
5230
9066
671
6365
8399
4819
5072
7583
8752
4078
858
7734
8868
3308
9449
1604
5803
7175
8571
1947
9115
3634
843
3500
1417
6511
2163
6631
794
492
4538
2154
1820
9752
9830
5299
9583
4852
9820
9103
3006
3978
528
6754
7488
2608
5122
1817
8814
9029
8703
5364
9854
3513
6413
1595
8223
7171
4947
1887
2656
8441
6788
8260
9541
8704
5913
9117
3479
4150
2022
951
7355
9468
8942
5137
3105
4089
6013
8810
1389
346
7817
1766
1790
9174
2300
8308
3338
8234
7077
2411
9905
7933
6447
4565
7190
2269
7214
8784
6695
6006
8338
4664
7007
7752
8010
385
4572
1276
8491
4133
1157
6138
498
2309
624
5022
6469
366
6403
7606
5779
5245
7073
9611
1046
9422
3021
4377
7947
835
6876
7230
2114
5384
2008
3152
4760
4038
1164
1915
3736
2061
9743
2943
1254
3766
7435
4137
3941
2168
5800
6848
2380
9090
226
3092
7592
7396
6705
8588
7364
194
3330
7656
7258
3927
4024
5114
300
7472
262
2431
9202
4488
3869
3717
5502
4129
8357
7281
1987
8885
435
5778
5035
28
4850
3024
5157
8916
5561
7364
7333
2576
4551
3541
8732
2087
5686
7327
9743
2320
3836
6469
1906
3369
7646
7892
5220
6509
7590
3462
9040
9425
6601
8480
9759
7552
2620
7229
9078
999
9958
1384
1910
2898
5098
6625
9937
328
4986
3415
8444
1029
7538
9667
5048
3967
3872
1666
2382
6958
7805
8649
1325
2099
8324
7909
5976
6072
3782
1180
9467
8458
8250
8743
2363
2451
4559
9008
8271
1020
7956
4892
1523
4175
5018
8011
1886
6935
3431
5792
3679
954
4846
2119
3195
1309
59
9811
4575
7190
649
3865
6546
3806
3949
9987
2780
8795
7303
2597
9408
4864
3395
1362
9003
2912
7125
7151
7081
313
6022
9041
2640
7990
7501
8512
3611
6130
5548
1054
2392
4749
4433
1080
371
4090
8346
7718
226
5032
5230
3091
9632
834
6385
8815
7560
3484
3116
282
4184
2908
2729
4261
1168
1608
1224
8557
6305
5437
6375
6650
3247
6249
204
4658
431
2315
991
4912
4566
9408
6924
2049
5083
2930
9410
1806
1604
8687
952
126
3013
5265
6871
9485
2019
171
9913
8763
2866
9790
1412
4790
8658
8581
9845
3383
629
1726
8384
5244
2493
8205
5716
4776
5984
680
9179
8238
2199
9419
6952
7619
4484
6248
3636
7982
9379
720
2639
259
2403
2228
2046
4776
7995
2134
3392
6503
3086
6026
1176
9879
302
5708
7634
4809
9549
2094
3500
1339
993
1674
6564
3448
2838
3794
305
2409
4944
1862
4005
9910
9088
8124
2841
264
6158
940
6781
3849
7289
2675
5152
6173
8242
7073
7316
8777
8615
8828
8433
7284
7221
1299
9266
729
5665
8598
1938
4201
1829
982
1559
1223
2021
1266
790
2179
2866
7369
8651
8609
5314
9651
4051
8319
6522
390
5206
5765
6479
1528
3795
6116
3430
6721
2689
7789
8859
2112
4600
7560
9002
2580
2019
6306
1116
3929
4152
6976
6283
5136
5910
1245
176
9824
1970
7570
7249
947
4207
5274
3392
6173
7722
301
7188
5443
7794
5300
8578
3002
3321
753
2768
1091
9607
2733
7632
7745
7203
2593
6239
8231
9483
1342
5618
2549
5940
3606
4751
5120
539
7911
7906
9327
4168
2829
4858
1718
9119
5673
6136
8852
8398
3280
1815
5157
8477
9086
216
9237
9938
9504
3744
1614
9035
5162
6690
6380
4683
4638
9503
4187
548
3458
2462
5410
2848
3442
6923
6778
7876
5913
8627
1529
6458
7388
9833
6202
9527
461
4073
6855
3390
5515
5182
1035
4167
6291
291
9007
6140
8478
7035
4480
6170
1948
8303
4940
818
6406
2308
5035
2162
3439
1360
4025
877
2215
5157
1647
5329
487
6853
4222
565
2648
797
5034
8276
1426
1243
6557
3150
7917
638
9398
8879
4147
5360
4509
9085
4892
5384
3121
8153
9039
4693
9951
4154
1157
158
1951
1134
8645
3677
5652
1625
2813
3914
3522
1151
3269
6664
9392
5163
5751
1884
4245
2801
1963
5147
6730
6856
647
2563
436
5104
3732
6069
1527
7956
846
880
7119
1268
9292
5423
4506
4239
4986
7773
6065
233
1838
3358
5816
8229
5993
7959
2401
7154
447
7150
2191
6010
3428
5096
486
6082
3241
547
7894
6745
2386
5566
304
2388
9546
8123
5871
328
7379
6
7815
4190
9082
6497
5018
7290
6748
2208
9111
5774
3667
4373
7509
3697
8689
1108
7840
4195
4936
8424
998
4439
9880
9320
7847
6272
3054
3427
8683
7870
2087
2073
9776
441
9335
8001
6929
6932
78
3197
9335
1032
1436
2119
3078
8013
8058
6607
3699
8437
283
1676
5393
8955
9008
3376
4311
9762
8651
8746
4235
3320
3525
1241
3686
1594
4598
7067
4362
688
4180
908
4117
1739
9090
9966
3002
7760
6242
9834
8214
6447
9728
246
7587
411
6681
820
1433
5959
3690
7167
8281
1332
8962
6014
7507
195
8434
1484
3415
990
2244
3011
4257
9375
7560
3653
9865
9042
373
6551
3520
8817
532
7788
3593
3279
3655
3275
4913
3777
5634
8404
6999
7014
2627
2784
2778
3076
2458
2806
9327
4758
6419
7223
4203
6716
5990
8212
2852
3027
956
2391
5585
7139
3646
9464
800
1173
2420
4228
6541
5158
6571
9638
5357
3841
6013
7243
6748
4776
875
6788
6583
7567
7225
8763
2398
3309
3585
6878
7290
5444
423
1886
2821
3242
2818
9860
3367
3163
1983
1604
656
8231
6266
4169
8188
6782
1866
361
703
8747
1463
8077
2151
4168
5809
8019
9915
4884
7066
7492
7588
5543
6938
1097
4734
4684
6816
2115
1023
6154
3876
3584
2792
9272
6132
8353
1301
3055
575
5616
1442
3223
6175
8544
3980
2347
9735
8654
7433
4800
9946
8483
6097
4491
4016
5114
1293
5169
9435
3503
9966
9751
9339
4550
4871
7880
5284
2880
8037
7457
6718
6859
4309
1450
6049
4365
9369
8395
7117
2386
4949
8163
4682
6224
6209
5393
7487
8302
5255
1018
7059
6132
3621
7072
5650
1692
3884
1625
3673
6100
7064
6854
616
9977
8083
3086
4174
4647
8442
9652
5745
2898
8052
7048
8554
1803
5069
3115
8341
9478
393
6982
7626
7018
397
585
3238
7238
5800
4357
480
7744
4722
1017
5323
8095
7546
4705
8142
3122
1218
2839
9860
5603
5273
4160
8080
6573
8519
3847
6624
769
3284
4195
5707
81
9229
3599
9580
7497
9849
6937
8848
4085
9172
8002
8177
7035
1725
458
4257
363
4974
5219
8260
7554
7123
2022
1745
6237
2506
6665
8720
1953
7734
9711
4460
526
5311
5242
8867
3947
5126
644
3274
4282
3992
5775
6432
7271
5984
1045
4848
8060
9590
6260
5796
8065
5936
8153
2959
7206
1853
3343
4991
3183
8218
6894
6352
9461
3542
7651
1724
6484
1592
310
5238
4329
1944
3977
3561
1348
5591
4474
253
1461
1817
659
2363
1473
3915
6395
4591
7158
2282
1660
2093
1782
5654
91
6065
7099
9424
6971
3729
8334
9321
8365
6468
9279
1022
1466
6120
1958
4591
1610
1615
7380
3090
3529
1365
7558
4530
4879
5545
7147
3059
4567
4201
9932
8218
3455
8675
1853
7913
6463
1925
8620
745
1920
2140
3453
4192
3085
450
2449
274
2633
2566
672
45
4714
8693
2124
8726
8507
2568
4545
1425
6582
5274
4754
4163
6536
1061
7568
2791
4266
4045
8129
9686
2995
6634
1169
1389
7913
3366
1445
4428
3096
6873
425
2000
3529
9886
3503
4762
6551
3128
9407
3895
7380
7195
4163
6646
7386
9290
7656
2023
2882
9658
6008
8588
4438
986
7051
8080
7523
735
812
5141
1122
116
8329
9710
4848
2753
634
6651
7559
2806
6241
1138
4639
4233
2305
5800
2471
4524
4003
8623
5710
9423
1545
3439
864
1838
7563
2542
2834
5424
7239
5816
2315
4265
2773
7264
8866
4454
1797
4633
8655
1005
4465
76
3417
4870
3948
204
8681
1250
5609
2999
6732
2190
9431
1699
8571
4890
8846
3010
5191
8092
3816
2134
5567
425
8823
374
1460
5042
6935
8017
2727
9371
9968
4705
4958
1469
21
5994
7890
7358
3862
1584
9816
4240
9084
125
4834
1073
8694
3975
5609
8787
9442
563
7190
2330
4510
2992
6047
3574
8745
3639
4316
7592
271
7361
2222
4726
6742
7102
4869
2851
5121
7833
4230
2232
2319
1327
1341
8697
5540
386
6349
2959
2408
3940
9929
9405
7515
2628
6960
7030
9947
4316
8614
223
7269
2223
3968
1722
7904
107
4332
1592
9107
2757
3666
1608
6333
4958
11
3183
1650
7350
8035
8358
7291
1356
5183
6331
7432
2817
7211
4114
141
7839
2905
805
9220
4007
4964
95
7359
9620
793
5432
6055
4756
3853
9652
274
8321
3071
2557
2616
3777
5379
2596
6282
255
2933
5912
7041
7637
4290
5087
2897
218
1450
1267
9852
2861
2389
2326
9995
9917
5824
2031
6557
2602
2302
2534
7503
5532
6057
9112
9746
4653
1497
6365
2460
308
4524
8964
1074
9052
3054
9722
5329
5707
2535
5837
3306
2586
9800
7413
5931
745
2563
2700
7953
3348
6039
3679
7953
398
8410
1509
1580
5178
5341
8244
8721
5085
8808
9544
8338
3425
1252
942
6862
6103
6703
850
66
6466
9228
4917
5732
8645
3181
9001
2089
8797
8413
9113
4269
844
1010
675
641
1545
8141
150
365
4292
7117
8221
3779
256
9076
2506
9493
1621
5839
1849
6645
5189
3612
1487
1170
3493
5777
2936
1997
6341
6154
9925
6673
9695
5274
7494
2414
577
301
5316
7962
6552
484
5775
9349
1006
1138
5476
9570
675
9508
468
2958
6564
2467
9081
7232
9524
9505
7149
5768
5205
8154
4025
8139
7193
1548
4084
4982
1581
91
8916
1319
523
3887
93
4704
7838
2138
163
2354
301
3366
1322
6833
5685
6966
109
7228
6194
261
2891
1073
3152
9548
2756
8399
6460
7636
2156
9459
7055
493
7988
583
592
9150
2434
2676
2373
4376
9394
7385
9341
4794
5467
1838
6831
7193
2453
226
1439
6856
8789
1320
7201
7842
8168
975
1130
1695
8245
201
9983
705
5300
9809
5379
739
6240
6536
4532
7433
4854
1818
867
5507
1732
8358
4081
918
1567
9268
5183
1930
8019
198
1705
6668
3383
2750
981
1458
1545
678
6131
9193
7403
8635
9495
5658
6460
6092
953
5918
5694
4006
2001
6970
452
1694
6110
9810
6895
212
128
8978
5019
8052
2686
5102
8104
8712
7356
3489
5554
3073
5888
4176
5687
1675
8105
3097
8864
8423
4458
5475
8314
9265
6236
4013
8197
4735
6215
1689
6641
1172
4564
1333
550
7154
4173
9351
5949
4393
7555
7748
8736
7464
363
2621
8119
7826
1283
8777
3589
3012
946
8472
5754
4653
663
5754
1815
8674
6905
3368
2497
5667
6848
4382
8510
4554
3626
8533
7502
8754
7149
4471
868
6711
6740
850
8901
3615
5894
370
3451
7438
8100
3628
225
6092
5579
5897
6491
8419
7536
7275
7488
4186
5251
3068
615
5982
4112
3564
4200
2750
1274
4836
5864
6476
7604
9044
7914
9814
6853
8200
2779
6534
9918
5059
7568
3220
4156
2417
8976
7729
2042
9084
1218
9874
6983
6683
1460
3671
234
2919
9504
2329
6171
701
6163
3264
7765
3750
8489
6536
7984
6677
1566
9336
4495
953
4269
192
5501
7396
1825
1694
4589
6471
708
2191
3617
5990
9493
921
7584
4242
9579
3934
8697
449
363
9216
8896
4304
5455
405
3929
2439
9745
5365
7518
1883
5379
6029
2413
1267
8171
2838
1093
7810
7741
9700
9993
3972
9647
1775
4257
7567
8953
3741
7099
7632
638
4045
590
5053
1297
1196
1941
1419
7765
2149
6727
5343
4674
1734
611
3463
8508
6316
6072
6741
2840
887
2709
663
9224
4923
4658
3680
6148
6362
3486
6003
8267
9886
1244
1333
5439
7361
9971
6974
897
9674
44
5591
2973
4650
9298
7913
1163
794
9060
2637
7670
358
4791
9752
1336
9928
5830
6374
6539
8261
5271
1402
8663
723
7077
4789
489
9278
8025
1147
6345
9098
5843
3166
843
7118
7690
4573
5626
6746
2516
5354
7303
849
8334
7909
5094
1493
9998
5512
1530
3597
435
2636
4402
8642
6929
2250
7574
4509
7423
1886
2770
7912
6292
8572
4515
1625
8908
4218
2237
1256
747
9793
5744
9918
4100
7814
2389
9168
9696
8996
9281
2513
9617
2748
8662
3206
8765
2201
189
5439
7000
1117
9323
630
2584
9392
4557
9762
3393
3469
2586
5779
3274
274
2849
643
6892
4485
4542
9115
9861
8406
4814
8428
2605
257
8296
3544
9911
1308
2860
6707
4029
6799
4257
9631
470
5114
7333
4709
3256
2628
5775
6226
6410
3502
9239
9343
9899
8019
6314
4279
7660
1074
5578
8594
6304
895
8026
2327
1095
1013
9852
2085
608
5879
1749
6475
6017
3219
172
1778
7152
9834
5859
7233
2631
8588
2017
9104
1018
8953
3646
1891
4994
8582
9047
2955
1220
5663
3326
9575
7089
5006
3613
2242
2776
3690
5618
530
1752
2764
3325
6679
7846
4536
7127
7827
5215
8345
5963
7716
8878
8922
1309
2143
7368
7961
7091
2027
6833
8795
5254
353
9893
598
4690
2146
6221
3616
4456
8942
2970
1487
7352
8255
5628
6967
4045
458
1454
1220
7740
2875
9701
5610
697
8167
3696
1470
4875
4816
6599
3591
3698
2957
7510
2971
6786
7248
9846
4980
1605
1598
3888
7021
4746
7391
1570
3055
6515
400
3915
6632
572
5612
1055
2378
652
4283
9901
6524
8450
4751
8742
9641
2342
9380
7790
4395
744
2656
180
6797
613
6475
9615
6141
8988
2680
864
3307
6597
641
4955
4474
900
9968
3018
8086
1901
5131
2319
2503
7347
3322
6531
6855
2857
4248
4678
5367
9601
7175
2310
3859
220
7119
6018
4098
5997
4914
3391
7973
3418
6594
9927
7809
9796
4267
8740
2375
6361
9704
2493
5614
337
7677
9450
7292
9945
2760
3284
4739
8002
5497
3706
9422
8332
1095
4254
3782
3949
8921
2088
6987
1739
4346
9085
753
3395
8723
7059
8590
5509
2303
9007
9898
4682
6696
3522
2543
7669
8727
4153
3237
1630
8653
9971
7922
2888
504
9477
8701
13
4957
8426
7440
7615
5506
3875
5991
8593
8697
3896
1222
5701
4694
9231
5698
6491
3808
4740
1635
7574
1711
6114
5223
4768
8852
5357
3087
4375
1163
7865
2890
9246
8359
8577
551
3878
1566
2282
9176
2821
7531
3951
8973
4830
2931
7537
6936
9423
4273
1430
9081
5765
7842
1126
8303
8844
3203
2672
8764
149
787
1615
7429
832
1006
1976
7342
6118
8679
1820
4924
1525
5564
8814
42
7760
7141
392
1836
1314
8421
3665
102
9733
8785
7126
1403
7232
274
1708
674
8895
3519
9026
2034
5915
6522
8141
3824
955
194
818
743
2452
6507
7555
200
9029
1084
542
1702
2811
836
7449
1729
7123
1513
7696
2047
3881
573
109
5844
6971
1145
6030
8007
6538
6780
4127
1238
9001
6568
881
1120
7603
2921
7650
3226
1230
6925
2375
6148
9732
5
7864
8059
6070
7297
4911
4402
8826
6093
9944
381
84
4974
3773
1306
477
9548
3662
2249
6957
9305
2701
6243
9956
6329
4127
4202
3863
4470
817
6956
8198
3962
6112
6965
3282
7971
1937
9242
1869
9726
2412
2908
6624
499
1035
2628
9149
6343
2749
1682
3262
126
9191
427
7304
1620
8104
9741
3170
708
538
4356
5275
2987
2183
6123
8862
6808
8025
2506
7610
4421
379
7232
6892
9794
9620
9456
5294
1498
5053
7521
1720
9135
3694
8072
4771
5685
9661
1661
9868
2197
6071
1160
9187
8057
7633
3636
8316
4912
3766
2340
8319
243
4073
8841
9747
1959
3535
7511
2001
8648
4446
1672
5655
3018
2635
6141
9294
4112
1351
3177
7148
6363
2638
5413
8351
9220
8046
8836
2161
5983
1140
381
7733
2713
9203
1477
5062
4853
8326
2812
2149
2150
9661
1219
7751
4399
5505
6169
5421
1491
4343
4203
3560
588
5193
1955
7605
8661
490
526
3914
4700
5349
6019
7508
4065
3939
2942
3816
1157
1079
4440
5787
8540
1028
4997
6703
1418
7662
3951
3715
1876
3414
669
1639
6937
6821
7144
7521
7247
3873
6401
4363
7799
8899
7450
6801
3641
3712
3686
459
2562
2353
4264
412
9904
8417
5021
9561
195
5253
6186
998
6539
6812
2037
1285
4680
4380
570
7244
6796
5422
6569
7284
4678
76
7989
9642
3578
8196
3061
7707
3976
3492
1152
9524
9151
256
1736
8520
1800
7583
7325
1994
7688
5403
7824
986
6861
6164
2121
9262
3142
6442
3664
7141
5785
6980
5735
9827
428
5380
5983
1999
2191
8480
7022
3047
5659
2514
2135
4423
2643
2050
5444
9214
8097
4574
9597
9275
2252
7002
2780
7415
6075
3799
4565
7535
9828
4012
3739
2171
4521
1909
8092
6420
1600
5325
9803
9208
8381
4777
5327
4347
4029
7699
6618
1091
998
4450
9044
1210
7383
6461
7574
3427
2599
8569
5925
8393
3915
9488
3219
1647
8776
9964
9902
733
3959
9024
7613
2771
4772
389
893
7476
1674
8434
3385
8376
7181
3473
6537
5378
4968
2529
4788
8061
4336
4665
3821
3032
9401
1410
5293
8894
1557
3680
5572
4065
7797
5885
7132
1974
6837
6272
6438
6994
5567
97
1752
4166
5183
7549
1211
441
2951
7842
6679
6247
5176
1841
6398
9294
5202
4581
3371
3361
5096
1999
5918
7994
2862
9320
579
1296
6341
4562
8541
8697
6091
7795
2493
4238
2912
9656
7849
1852
198
4852
5943
3716
7001
9326
8890
5956
9487
7838
6772
2256
2901
3077
1897
3567
4180
3758
1303
5864
6970
9915
4100
8389
9302
7983
156
7381
9348
2160
6382
5547
6733
1519
3162
244
6057
2202
992
3537
429
4623
1810
8503
7790
6284
5795
3013
5897
8927
58
9154
8352
1985
4882
283
751
7554
4414
9019
9170
1509
6609
7326
1456
1225
5524
1382
9915
1653
7511
1977
2765
7767
5434
2346
8105
5597
598
3017
2187
7143
1484
420
2102
7228
7195
4748
6637
2878
9493
8503
7789
1974
4367
8921
8015
4484
7047
6565
760
4413
3099
4243
1416
8082
6389
584
6551
2535
2179
5155
6956
1397
6831
2026
24
6188
5224
4229
4030
776
4745
7036
2161
9008
4189
791
3399
6514
4332
3621
8551
4034
2256
7775
4043
7241
9005
4020
839
6611
8197
4101
699
4337
1547
6391
5144
2341
8896
1826
9260
2817
2535
9985
9668
6063
2082
2408
3893
5597
7185
36
8204
8559
6605
2922
9141
9057
7983
2784
7183
1204
3390
7420
2579
643
6336
7824
7461
7798
5648
1058
7618
2506
4361
5733
1499
2272
8107
7981
5159
6597
127
5242
9426
8161
5898
2141
7733
8626
7251
6088
4358
6111
4643
8056
9428
5115
7406
9024
9727
4258
4947
6095
9950
6127
2418
5697
4197
871
1423
6869
949
2
7626
586
1076
8149
7995
4418
4746
4195
90
8836
546
9561
6701
1506
7863
6306
6306
6384
4866
9083
8254
900
1649
4033
5292
3299
5742
200
7945
6862
7202
382
5138
4355
8486
4056
6980
1278
7121
2987
4278
5532
4168
6112
5548
389
9426
912
7835
7891
4565
5039
2002
1866
1749
6726
8938
7044
2857
4696
8677
4545
6251
3229
1633
164
4422
2346
3021
3806
9327
5028
9263
1878
4805
2721
6733
5537
8485
4902
3873
4830
2366
53
2296
2163
8380
3272
2605
1760
5119
9937
8422
2425
4311
9733
9282
938
4479
5384
5968
7080
7891
4028
8565
9538
5776
123
7062
9029
9994
3400
8559
7955
822
3847
2178
6197
933
9471
1785
1150
9741
1261
8688
9390
6606
6838
7568
5072
3440
5794
1058
3100
8934
6794
6939
8339
1488
2758
6387
8256
6211
3577
1766
1719
1377
466
1602
463
7554
3084
5
5008
3599
4817
7339
6630
5341
9175
2932
8939
2555
1989
5588
4199
2341
5458
9021
4029
6909
3840
4708
8175
3083
3529
4940
6164
9495
6968
8013
6140
5236
7104
7518
355
5788
6051
9502
4117
9456
308
2998
2314
9827
7449
5701
4221
7989
7567
9378
5919
1445
7574
3555
3714
8377
1831
1924
70
9878
1174
7135
8373
1162
6792
3702
5451
4471
5233
8411
6291
5957
4904
4574
6600
841
2394
8349
5635
7829
718
8176
1927
7590
2093
4695
7663
3549
3804
1979
3957
4126
9432
4239
8281
3173
4625
1151
3034
3746
249
9751
2755
9156
3087
9963
6541
2999
6956
2872
5982
3483
6290
2242
9160
2999
5208
782
9069
2097
6040
1902
666
3254
4454
2165
6525
665
6294
3426
6217
1242
5314
1889
7579
968
5420
2771
4503
2130
8154
4663
6593
932
5997
474
7837
7190
5080
5281
7966
3842
2082
937
7706
8347
9084
9502
4702
922
3438
5875
6706
3530
6656
4739
8169
4401
4663
8191
7580
2436
6280
6938
3943
1377
5310
9735
7257
3979
4328
9336
5586
1012
5460
2374
9161
4376
4183
9233
1884
5918
8069
3580
8693
2278
7957
3063
4276
1258
2305
3436
2527
6889
7701
5529
7563
5145
6994
6329
3037
9349
2245
723
6594
4103
289
5694
8070
4282
5579
3793
217
5430
6307
1662
4368
2700
8246
1665
3421
2246
5459
5999
1673
892
6808
8697
3311
9931
4811
4015
7383
7855
6196
2535
3673
7346
6987
4590
1988
2263
4993
9995
5679
8513
3218
7097
582
6039
1161
4863
6900
5329
2907
790
3890
6246
9051
5701
7295
1593
2382
8140
9471
1563
6410
2363
9235
3771
7990
7022
5713
3655
9677
1157
7254
5464
319
3160
7675
9712
8115
7273
8770
9949
7116
2054
4947
5406
8646
7427
8296
1285
7296
395
9882
6853
524
4115
2103
854
7863
6812
8050
4139
9150
3244
5652
1750
3536
8427
5926
5890
8027
7584
3479
5109
9370
9522
4447
4356
7417
3829
5125
562
8727
4428
6360
9282
1276
400
4939
6204
1057
6820
1848
1302
9223
4630
799
3872
6402
3197
1869
219
1500
2405
3258
9712
6916
4772
7483
1003
9668
7747
3438
4034
1686
7487
5413
4721
6885
6370
473
3135
3487
9722
4833
1206
5735
2176
5886
4740
8722
575
7954
4220
1959
4906
9063
6322
1169
6648
2365
6505
2917
3936
6537
3310
3382
7815
9617
1736
9218
6079
6987
32
2723
8735
6732
1778
7573
2052
3977
4740
8886
2743
2281
9093
9794
9219
2075
6780
8425
9092
3551
236
4005
3969
217
9552
3185
1522
7824
7921
2560
4150
5523
2643
3588
7922
1496
3225
8175
7284
8749
9118
2671
7626
7619
174
1654
7444
3517
4164
5740
2837
3311
126
2527
6751
6027
8754
8517
7181
8593
6051
4228
6056
2179
4735
7221
9638
5504
1872
7722
8850
8606
1141
342
4434
7566
6379
6351
42
7897
5741
8006
3660
2181
9723
839
5397
116
6838
1894
2743
4708
993
8691
2698
4889
6616
5446
2883
2954
2016
1940
1645
6442
6890
4231
2170
9784
8094
9186
9649
2403
8474
9284
2851
8046
568
3874
2457
3896
1823
9522
8666
9978
4979
4142
7612
2450
7645
9545
950
932
3467
7089
5880
3801
6360
7218
5292
5492
8670
5614
2022
7653
2245
339
6234
1709
5839
4652
4321
2741
2989
8988
1130
2495
3275
1667
1463
2747
6619
9720
2138
8549
8235
8716
8937
1385
3404
9051
1685
3350
8583
6965
5227
6210
7499
1012
7732
4639
7909
5903
6612
2992
5224
8209
7943
4480
5958
3385
525
4693
5754
2545
8873
8951
3475
3474
9418
3530
1403
4848
8306
6788
2967
970
4158
6025
3760
4921
4996
2263
3935
6825
4839
716
3107
9146
3325
26
772
4457
5428
18
8526
6992
7597
6038
8093
6277
2735
4025
1594
4202
3236
3060
7597
9824
25
4254
4050
1918
719
1037
8390
8263
757
8930
7707
8156
5843
4329
148
9392
2757
6947
9421
8287
8263
5975
3374
8121
7932
7484
2186
970
668
9734
3588
1778
3119
3284
9121
9071
5976
8855
3737
4390
1629
262
6235
8667
8331
9937
433
8406
3876
2202
1445
6290
3639
9311
1560
4050
880
5929
3986
3235
8852
7419
7595
1023
5341
5928
5036
2558
5209
1078
3416
3902
3209
5031
6657
8000
9741
4707
9791
7996
7050
3781
7094
8466
8289
7299
8140
3809
1723
5070
8191
46
4868
501
5539
4210
2668
5211
3325
2403
4900
7876
3196
2798
8787
7543
3080
8609
2653
3561
4309
6173
6139
5991
6186
5071
325
9129
2735
8043
7789
1227
835
138
2887
3370
9035
2707
9492
2447
5332
4529
1382
7387
3096
9175
584
4295
9680
745
4219
9531
1156
8163
761
2018
3907
8877
4316
468
3885
3540
2475
5283
4614
3673
7040
3058
9912
5417
8508
373
9117
206
8230
9781
4790
8752
2895
7011
4486
6030
9450
1989
3824
8258
71
2673
9378
868
9463
157
8391
9023
8562
1791
2054
6100
2773
9423
2134
7527
4384
4263
2238
3846
413
949
9933
980
7229
5155
5982
7305
5982
7856
4091
485
1458
6356
3601
4366
3680
9044
5954
8350
1982
93
1644
6438
7726
8690
5979
3472
4876
6960
1646
5186
9752
9979
7845
9122
2740
8397
3639
4307
4176
1086
3041
706
7701
1568
4641
6417
5822
7769
3846
5340
8309
3888
1864
319
9305
3495
3255
8539
9177
2510
2428
9023
6209
8905
734
1480
8512
4480
1626
5283
5404
1646
4174
895
7053
938
8737
6158
4049
9563
7651
7108
3113
6306
6877
5864
8114
7525
9817
9246
5142
5101
5131
1666
8658
4018
4497
8797
834
3160
7905
1341
6142
8563
9937
6663
9714
968
3267
8367
4758
7097
4490
9614
4859
5320
5909
9904
2027
4870
3366
987
4663
2380
141
303
6515
2508
2238
3035
6441
9941
5324
888
1657
6309
966
4550
6370
214
6150
7146
4258
1450
4487
8045
610
5518
6807
3337
8109
4594
6770
5964
9794
6918
6679
3761
8422
9633
147
7205
8731
231
1925
4818
1773
3601
7956
8551
4354
1359
3533
1812
8720
6221
6730
3212
7894
2096
9693
997
5702
8901
4926
1847
3170
9360
1094
4740
9630
7205
6129
6737
66
8945
8416
4026
9525
9669
6272
7009
7562
8256
8983
6750
1060
4957
7244
3573
188
3466
5868
6325
9941
9151
1503
9830
5306
77
1647
2413
2507
3216
8921
7150
5231
6797
1746
9775
7805
2703
3688
8225
5825
2683
3436
7446
9919
8176
787
8214
2115
7522
4552
6164
1337
9804
6796
916
7442
8587
8720
9447
8021
3858
4502
4346
9336
1833
1519
4264
3211
7469
5768
7485
9779
7643
499
7257
5714
4057
9912
7130
9291
3434
297
4985
8664
2756
5813
5427
0
829
2333
9219
3984
4241
203
1967
8182
9091
8110
8085
6657
6524
5002
4647
1753
7068
6385
3694
9305
9540
5203
3384
8676
1589
156
4587
3560
9517
5682
6579
6021
6093
4263
2382
5136
6550
3501
5538
7440
8533
9076
6624
5948
1826
473
2767
8433
5651
3232
1595
6372
2119
6123
461
5627
8949
543
2394
4085
5617
8407
8665
3408
1531
2064
564
2260
2620
9511
5204
3567
847
6254
771
463
8579
7437
6849
1116
7389
6155
7909
6285
4086
207
3901
9970
3802
6755
6187
6007
1106
1453
1822
125
411
3216
4416
9762
9910
507
5812
6141
8029
8029
5524
5865
5351
9998
7048
1512
3694
1277
6696
9463
498
2380
9322
1323
8163
594
8459
5866
3323
9197
2460
9395
4432
646
52
5363
3020
7087
1207
6882
342
1768
8257
6058
4684
8037
4619
3804
9708
4675
2313
9829
4757
2360
9628
8032
3894
3093
1599
9315
2048
9947
2817
8832
5568
6130
1433
4704
9945
1684
8492
6607
70
9815
9120
8730
4123
3263
6640
126
5975
4654
6158
8649
6884
2631
4637
2071
1019
2021
1469
9928
5488
1892
4833
396
8952
9425
489
8554
6604
9915
3859
8023
6183
5706
9759
4943
3240
897
3908
630
6453
1472
3339
7395
3788
4169
1947
2937
1492
9362
3685
7924
215
8565
1118
8178
4982
8724
9779
4698
2774
8086
3522
6061
794
8136
2465
1177
2873
9695
8831
121
8114
838
3474
4015
8554
7439
6609
4782
7478
7553
7061
7242
6229
5936
7807
7618
4588
1580
9962
4517
1119
9210
7857
8368
7951
7279
6600
5652
1703
770
63
1798
531
3564
9811
9378
5091
7103
9625
7543
2114
4996
7221
5221
1024
6280
9832
4859
329
4848
6590
1292
9734
4313
9002
8904
2982
5106
6065
1274
839
956
3079
6708
7489
5263
6711
2665
6125
8429
2526
7486
1956
2418
2402
6124
1989
2635
7343
1670
7448
1740
5323
6856
4180
8772
2065
6218
4563
907
6396
9986
1037
8350
6704
1158
1916
513
7733
5762
9570
7167
8734
1900
2321
9104
9337
7315
1910
2878
6914
346
7764
4394
3827
9099
5634
6224
2527
8718
3198
493
8103
5218
2033
2541
6448
3606
5714
1244
4207
1476
4903
1581
2101
280
3006
3422
4534
5076
9435
4750
4307
1684
3993
6049
2221
6643
4522
7605
5525
5693
7986
9015
2563
9076
9065
3516
9868
9781
2656
5731
1601
666
8672
5438
5444
6182
2293
3546
6093
2211
1689
7451
9284
8448
6186
6418
1225
5984
319
9805
9084
8109
5720
8514
3490
5888
9018
3025
1216
9491
3555
4754
2420
3704
3148
3641
3013
8555
605
6040
4350
975
1512
3313
4003
535
9732
4115
2890
2646
2290
3883
9461
2852
6647
3493
4946
157
1948
9556
7165
9268
2330
6603
8657
6936
5031
5580
5300
2545
3404
2671
5379
4280
5454
8108
6596
2406
4511
2954
6157
4902
135
8570
7200
9672
5293
9569
7057
9656
8695
2856
6606
1049
8876
5083
8646
4910
4657
7067
5505
4152
8816
345
9242
9620
8504
5181
7398
8540
6897
2539
5646
8995
3399
2262
9133
3760
9403
8985
1642
5462
8523
5644
3850
548
6065
4330
5405
371
9462
1686
7750
7444
7450
2005
6086
9791
9328
7580
1168
112
2170
8518
2759
6155
7210
7612
7650
6613
5951
4886
5507
5672
5425
42
5629
3172
6496
8694
3554
4174
9777
7026
9078
5210
4790
8203
1544
1394
6176
9342
4432
1823
7817
1530
3291
5
2885
7695
3339
8454
6680
8792
4421
4576
6180
2078
2019
7407
6377
2914
3295
634
4025
6994
336
5145
9440
7549
1365
9007
6067
6256
436
6609
453
3684
7856
3894
6751
5623
287
8801
5355
5101
7495
984
2605
4501
9031
2711
6184
4138
5018
3262
6047
3797
7798
822
1194
8147
566
5336
6329
4332
2386
423
8356
7813
4122
2496
4222
8125
655
753
2627
4494
5280
8925
9500
9352
2539
4938
8519
8654
2823
1929
1238
7175
561
6657
5887
7034
2700
8605
5056
4951
2472
1022
2715
7071
2629
4793
379
6535
8490
8059
3482
4264
635
1553
8518
8873
1322
1842
5607
5628
6817
7675
1508
457
9186
1180
7251
7466
6609
7189
5425
2051
5698
7676
2022
4257
6209
2429
6723
7747
4559
1984
164
4765
8447
6975
6540
9009
8139
7014
5711
857
2997
9429
8135
4798
9515
2258
7886
1448
7543
2913
9926
1301
2634
1431
8567
2959
9531
4261
2664
8894
5120
7861
1069
4833
7510
6744
2010
2210
4641
8242
9328
9596
1478
4567
9055
6269
9542
7225
4743
3951
4543
5274
204
1645
2058
8864
2131
7015
8409
3580
9478
3878
4349
6817
5738
5136
8360
3301
7288
2771
247
5675
6807
9301
3586
329
9823
8067
2377
2297
3418
2306
9518
8713
4351
9847
7657
9424
2775
8647
4613
4995
3802
1061
8764
5449
5247
4662
8829
3918
7910
6240
9937
1971
3703
8868
8467
903
8060
1729
9041
4064
4638
6112
161
7171
4360
5636
2466
5892
7480
8936
526
8641
8159
5252
1873
5746
537
8137
5083
5161
9238
8459
4387
7179
2370
7547
5010
5483
1379
6753
1363
1046
9606
548
356
7690
899
1592
1089
9611
2196
2937
6439
8974
5714
1295
3813
8451
6995
2721
365
9923
6646
3880
4826
6180
1724
2983
4801
6814
626
6983
4513
726
7573
9481
9036
7610
4895
4183
4846
8946
7048
5473
2965
6301
2020
5414
1464
1074
3733
6559
8488
8658
6388
1440
4400
5726
5723
4177
5966
7917
6791
4275
8984
5213
8425
5712
1401
6233
2260
6204
3556
2811
7876
1420
2875
1173
914
8525
4159
6311
1518
3727
3081
4068
8495
5855
4339
6132
5080
3309
1886
718
8218
6929
2154
2773
6490
7753
7876
6309
4012
5231
8814
7529
3003
5677
782
4967
8566
3227
4811
7198
18
9656
6398
3063
1194
4915
6718
2570
1372
5270
1152
8952
4318
2837
4594
946
9266
101
4683
3162
648
7851
2298
6287
4914
5553
1065
2818
5072
9372
7566
1853
8498
4688
700
8562
531
9091
1578
1574
1034
5306
4936
8743
4079
9863
3210
165
1083
9837
5701
8464
8544
1649
6550
2167
7357
110
8150
5642
3849
3899
7498
2000
7704
9300
453
9631
2137
6032
415
175
8523
3108
2127
5343
2914
3555
2208
5051
2342
900
1735
5236
3671
9102
3310
6848
8139
8533
1204
420
941
5937
7726
7136
7808
2935
1038
4779
9410
3580
8028
5051
9421
5526
9942
5435
9523
1206
9253
3801
7903
3098
3299
2949
2164
2261
8330
8603
5989
3605
1491
3605
4827
9996
9234
2586
5383
4992
7535
9980
2516
7429
5642
8762
2872
6684
5816
8145
9161
7875
7326
6932
9280
7403
2517
7843
2637
4777
4971
5546
4606
2436
8791
5804
2088
4423
224
9426
6292
7355
51
4531
3672
9274
1285
473
7456
4538
76
5480
6446
184
9442
8114
6279
4560
4325
7424
7478
1391
9949
606
20
1988
5373
80
8639
9839
6673
8450
6460
6390
1853
1805
7823
2795
3260
5
6118
2044
386
8100
4700
9492
9101
4421
2994
676
9525
7529
97
2800
1947
4901
7407
9446
4511
1683
3900
1204
1834
7618
7866
1626
9020
56
8332
7637
291
3484
1300
4319
1305
5434
1004
1849
5906
528
2888
952
7086
7963
313
9144
8353
3660
4443
6952
4398
8378
8284
1576
6106
4914
209
2768
233
3074
471
9045
6090
5358
385
6041
6229
5778
1494
6514
3896
5558
3539
3982
8796
2948
4119
3872
7305
8722
3273
5360
5613
1379
3238
1913
5200
9724
8214
6392
5224
8237
1615
2832
56
3844
4863
1728
7578
4273
2915
2574
2165
7929
3056
8841
4838
4302
2780
3157
795
6337
5464
1512
9801
5112
3431
4710
2119
8472
840
6505
7564
5103
1289
5659
3943
707
3925
4952
8086
2390
6295
3032
5807
699
3194
7685
8323
4398
7076
898
6943
5057
5597
8888
2773
102
3031
4944
413
152
9609
9106
3432
6410
5010
7063
6639
7397
4898
4130
376
7829
5072
8405
41
2431
5705
9102
1918
5746
6387
7722
1396
9943
9563
2507
9507
2402
2886
3840
7677
8981
4538
7933
2782
7190
9600
9398
5689
6132
1045
925
9500
2945
521
9115
9986
7193
8846
341
4397
3929
3026
4667
3766
1886
7709
3490
6847
2503
7556
4237
4511
1057
6454
1395
3290
7139
5622
2852
2832
6308
3413
5786
4701
5461
8222
8452
9421
448
2522
2314
3557
2545
9443
3747
5955
9872
4167
895
9481
6109
2550
3186
8576
6809
6415
8442
6491
9126
5824
2846
1570
5993
7509
8090
516
7240
9967
8305
3665
9258
4070
6399
9981
5242
680
1965
1615
2707
5441
3419
2972
4727
3371
6723
3757
227
7211
7892
9047
9780
1960
294
4625
9676
744
7564
5037
1352
3230
8715
9906
5862
7231
223
2039
6151
3205
3333
6129
4450
6827
3784
3685
2404
9875
6843
2621
786
4332
289
29
2074
9259
3885
7297
3775
1774
305
4498
3116
6929
262
9477
6727
3514
7110
7497
3148
4683
7607
7022
3878
1763
4596
2953
8177
6610
2220
9801
3901
4942
4250
7020
2941
8686
7831
6604
3345
2927
8265
4376
2900
8835
3012
7521
6564
4307
6959
8890
2765
9347
9474
6103
6726
3267
6151
310
4662
931
9120
7166
9555
504
597
8174
2678
3242
6536
8041
5683
505
4151
220
6419
3230
4122
5043
8752
7076
6389
3869
9651
3330
7036
4555
5469
8147
294
9674
2534
7521
1942
2414
3807
1099
4822
2395
8238
4838
4843
3322
7772
8918
3207
2260
5195
9253
9685
3496
9145
1108
1559
7587
4543
5250
7515
6224
3469
6042
2705
4531
2948
6862
5507
8163
8564
1737
6413
5320
8408
1727
6805
3913
2232
3067
6098
733
123
4775
9360
6216
8463
6798
529
1425
5962
4355
7871
8558
3584
8598
8927
2196
2133
311
373
909
3411
5044
3696
3458
2840
4365
5088
7418
4304
7646
5354
1476
9153
6782
6101
8694
6683
6490
6069
6151
6333
4081
2201
4208
3866
7856
1735
9810
2801
4609
1780
1921
2693
5189
7322
5080
1078
5901
3376
4097
1709
3111
7122
8316
9002
6395
9406
6803
2497
232
5514
5644
4242
4223
4576
9330
2842
9489
9592
4984
2630
5279
4616
9695
5866
3433
8783
3963
9460
1021
7615
781
3114
1971
4441
3221
6960
3885
5207
7472
8451
4932
7313
2569
9096
6137
7679
8471
612
7992
2237
1590
6310
8392
1467
6431
8496
7427
2450
5568
7612
5442
7344
1476
2617
4732
2529
2271
9783
1354
2370
8958
4281
2120
6533
7698
7966
2047
599
9730
5754
312
3350
1467
8785
6025
4471
4722
504
8010
4726
9533
1435
9639
9860
3009
7589
5837
9952
4363
3607
5408
8688
9258
5622
3279
7309
4189
1859
3770
8466
6448
6827
2720
9815
7300
2091
5876
2692
6592
261
7808
1767
1772
6629
2838
7522
4642
2260
3524
108
2129
2095
6237
6123
346
1624
4092
5846
5505
8716
282
2863
6734
9545
8278
2705
8715
9825
2560
917
1713
3144
3359
4102
5799
3640
6916
2629
2784
5758
2667
1928
8335
3661
6336
4352
590
6598
9468
5675
7999
30
7188
7877
9979
4945
5033
2227
8351
132
8808
4818
9701
2607
8396
8985
8736
2134
323
6706
4709
1463
3061
9748
6049
8354
4528
3072
3209
3925
2115
2116
357
6886
2918
1682
5957
5483
4123
854
8608
4688
4278
2651
6950
7850
2228
5728
5266
7352
5616
8456
6275
2761
966
6536
6969
7440
1828
1625
416
1960
9019
4425
8018
6691
4460
2815
9689
6713
3027
3253
8012
9470
8099
20
7185
410
2797
8200
6125
8801
7807
5858
8310
3659
5842
7596
5920
6383
4713
8517
3655
2497
438
6647
5670
9854
4634
259
3389
9414
6039
8553
4324
2363
444
6805
4663
945
9352
6559
4643
3629
5501
1615
4154
3161
6116
4358
848
6865
6896
3306
1999
4510
9599
5514
9032
1451
4351
7331
5776
2537
4810
6711
2761
9254
1533
5946
3215
9038
2932
4974
7031
8155
3874
25
6997
8823
2493
2508
3737
276
9412
6525
2518
2733
6554
9814
2764
4930
7774
3212
6595
2020
783
2106
8819
8790
8855
4901
1627
169
1143
1811
3932
1921
6275
3845
636
9573
8517
208
8958
1842
3594
5499
3126
8286
4193
27
2700
1720
3181
8285
1263
9721
8380
5011
7372
1768
1206
8208
9968
7593
881
3567
9134
7600
2592
597
6458
2708
9178
3192
6413
7565
4254
4752
8427
5284
8980
533
4596
8827
2200
9908
6989
2858
547
4212
3541
1264
6474
8869
8366
309
241
1365
961
26
6366
5526
5693
3596
3570
9992
2542
9990
1872
3698
5466
3628
6585
2087
2788
673
3611
1141
5392
973
6579
6276
7052
8380
7056
5194
6235
308
4826
6104
7324
2889
3790
8401
8918
3454
4840
1000
5257
2209
7365
6999
985
6850
8747
9914
4679
4386
6080
7693
6698
9100
5974
9989
3447
90
8474
7313
6541
8376
3757
2234
5164
5769
6374
2576
9838
8185
3170
9335
5834
2611
5884
3183
3608
9580
5290
202
9634
7142
514
1849
4228
7134
9406
8224
6916
3802
4953
8827
4980
7527
4460
6882
8452
5131
1835
5217
475
6170
76
6495
1215
6746
1859
4087
3215
2790
6380
3868
4801
8271
7680
9399
7861
1908
8006
8030
6363
8151
5661
6035
3231
4343
4354
8307
8152
9003
4731
8478
7744
72
9728
3464
7066
4020
633
7483
5275
5319
5008
4125
7423
1085
4026
6709
9848
5062
9021
6544
7125
3805
8854
2325
509
4041
3263
6873
2391
3552
5935
4213
8060
7902
6124
4728
8544
4216
2332
3841
1275
523
2755
1044
3142
1535
8612
2146
316
7646
8460
3090
9983
8187
1352
3938
1219
7403
2954
3024
756
3760
5091
1722
9384
795
6066
9521
4962
9298
8166
5631
2729
5180
5269
6602
1049
7809
9183
8974
5429
1117
6556
4746
5092
2845
4230
9873
6550
2185
3509
1141
1261
9308
3084
7515
5433
1033
1661
2346
5470
9092
7185
1018
9481
2828
360
4802
2917
4750
2888
3410
8220
3981
7596
9639
7204
344
6631
6538
6565
6193
2971
2776
5789
7025
4370
3422
2095
7755
1169
16
6148
6837
3503
6338
3933
5537
5266
2264
2485
9428
6955
1799
9297
99
2921
7281
1712
3445
310
5088
4403
5123
5781
9278
6121
4408
5230
2456
8459
6939
2707
5163
3581
2872
7262
1383
477
1257
5706
1666
5079
4366
4053
7137
9238
1171
3480
5690
4103
7090
1709
8650
7444
6082
5614
1025
1055
4226
217
9526
307
2810
3805
5546
6721
1791
8219
6425
2837
1537
6803
455
7740
8645
9
36
1069
8644
40
4949
927
9540
8353
1369
5229
4057
7720
7499
7258
6236
328
6252
1039
6181
1359
2268
560
8508
416
7446
2952
7056
2852
2565
286
1254
910
8799
6073
5578
9957
2411
4185
5268
8598
767
4458
2436
317
2663
4072
719
9168
6602
1209
551
9416
1558
7285
7741
9476
2561
8228
2595
1996
3872
6688
5787
1083
3974
3147
8922
1426
1679
6279
7918
2066
5771
7584
591
7811
8125
8191
7753
3374
2233
7889
6251
1356
9735
1839
9352
1513
8332
6103
7395
4183
1590
3272
4725
4080
8671
1353
6343
9517
5150
9293
7488
322
3292
8485
3644
3975
6694
9931
1351
4371
474
9221
9764
5984
436
4431
1348
2135
3795
7408
3095
5576
8885
3734
476
2499
2858
6512
9141
6771
1847
8237
8224
2940
400
5929
8064
1250
8196
5377
4820
8402
4752
3023
3709
2369
3508
8742
3644
4239
5
4207
5722
7743
6198
1912
1437
9559
8009
1144
1116
182
789
4580
2524
2238
997
6824
5584
4507
6367
98
3940
8418
2587
4693
824
5861
24
8107
8992
4116
2868
4901
6766
7640
2514
480
6742
8489
4491
8506
3241
7051
4260
4638
7612
171
499
1470
1371
6685
3158
9137
7873
9908
267
7304
5156
1504
1087
5577
9534
9902
2153
7001
7315
5889
7815
4884
9724
517
81
7096
16
7861
6857
6889
4157
7950
7082
652
5361
8554
6735
2307
958
3731
7028
6858
7373
5210
5325
5238
7401
8915
8973
3339
4898
7260
7324
1722
2357
5616
1747
854
6603
6063
9120
11
3050
3378
3147
7207
4423
435
215
979
3166
9846
6042
3583
8862
956
7512
4513
5192
4844
9695
1102
8889
3517
1991
6898
625
5359
8296
9746
6807
5881
5704
4896
4612
7017
3808
3994
2063
8119
814
6966
8699
7994
172
5052
1217
3741
2861
1400
8105
7234
5662
