8966
3991
9565
552
181
9361
9545
1649
7388
5839
390
3677
9221
9100
8161
2299
6025
3248
7221
9042
104
1033
3809
5526
9258
4683
3773
7753
1931
3618
2037
22
1795
4113
8885
4636
2342
1439
555
6778
2307
8719
104
2623
9709
1359
412
9980
4169
5429
9012
8759
2132
9854
4042
7933
182
4039
1295
5498
5588
1791
9719
3769
3801
367
1881
5108
215
3524
9957
4586
2693
443
6734
1385
929
1186
5817
7898
4271
3793
3584
6503
4607
3279
7890
1942
71
952
4454
8304
144
5057
1189
516
9001
6335
8822
9342
9479
5304
9764
644
5472
4426
6065
1689
3120
2656
7003
8997
8222
3397
1227
1795
8208
3216
9163
522
2477
9940
5036
9264
9071
1653
4441
7636
9255
6218
2384
4594
2364
6475
8420
8967
4030
2939
1030
181
7214
6201
8823
7415
3949
5457
81
6748
3830
9394
2308
5784
7172
8299
6864
9539
268
500
1574
3818
9985
8430
2435
6903
272
2408
6632
1746
4977
2260
7766
5269
2185
8982
3309
6277
1117
7622
5315
3613
1572
7694
3806
9861
3909
6600
7422
4065
9612
8881
8699
3530
1364
7212
196
8785
3766
1920
7143
1540
8825
8335
1770
1569
1628
7040
3599
8191
4990
587
8422
2647
5185
7961
2246
2291
4623
2574
2993
3672
4987
2566
2135
6097
3562
4236
3904
4974
8786
4524
2510
9198
478
3774
4788
3237
5924
2236
8232
6869
3001
9232
9076
9024
459
6052
8345
3404
4965
7905
4161
1191
8927
3471
6554
6258
6199
5673
8008
7393
3136
8626
9406
465
8078
9225
2168
1410
3172
9010
6368
2387
4343
6125
670
5755
3491
3112
5637
7511
5891
499
8
880
363
1319
270
7008
7221
8530
7038
250
4229
838
3732
4376
9827
8610
946
1235
3883
6934
231
5956
1537
1774
6849
2801
2800
798
2767
3087
36
497
1501
2636
8618
8526
102
6758
8954
5161
4190
4642
1971
6117
8158
3504
2392
6295
5929
4882
2166
4402
3627
8958
268
4052
9343
8589
4470
7470
4207
6422
5763
3951
214
3731
9338
1095
5759
1300
8507
4188
2281
8723
2743
5589
3985
5421
3616
3344
408
6506
4869
7885
920
5634
6871
2543
2367
4565
9183
1514
2287
1484
953
7768
8880
8020
5903
4427
4167
1296
535
4628
6375
7979
2120
4904
6215
4680
67
3922
4973
1126
7061
7702
1553
7878
3031
4580
6861
6794
8729
1193
2118
6993
1900
797
7770
4976
6709
5965
9518
9190
9178
9112
5970
241
1510
2942
3513
1966
6329
7688
4498
5261
6541
1161
4423
3252
6215
1001
4989
1323
7566
7374
2568
9342
2510
9383
6078
1322
7135
1238
7971
4102
4405
5784
1949
7949
1731
1311
6368
88
1066
4895
464
1040
6696
6858
451
738
6375
4518
8761
5708
975
8195
1623
1804
6543
6628
7731
2128
6864
2190
4831
5091
9717
395
856
757
9213
6475
1520
4903
4633
4901
256
2671
6909
1528
2646
5653
8931
5340
4948
2617
2478
2263
3127
6210
4160
145
1405
5103
3581
4240
3224
8876
64
5374
1324
6301
6002
9694
1526
9900
2997
3857
1074
6075
7938
8953
4895
5015
3982
2078
3197
1524
7243
2213
2612
7454
7269
4646
6598
9068
5069
6417
1322
393
1676
1381
2606
1535
204
6346
9651
9237
3813
5049
9621
8621
1188
7052
8273
5208
5250
6390
1121
1502
1042
1699
1633
7851
2761
3870
9033
1355
3096
2458
4831
6580
2535
681
4399
6557
6346
3359
4811
7636
2427
3961
7711
2193
2593
3992
6266
216
6373
1389
3817
8679
5296
9820
9352
9977
9748
4756
8775
6334
7314
8295
6140
1355
217
3040
6085
507
2653
1715
8863
1891
1578
3485
9075
7081
3989
9440
5258
8770
7605
8816
4983
1707
8641
6152
1284
2715
1329
4422
6810
1590
4585
8478
322
4132
7821
6356
1976
9553
7907
5758
7563
4658
2527
1926
7101
1811
744
2270
5988
307
9498
4
8730
8498
3312
4433
2714
4066
1756
3370
9178
8232
4906
7272
7306
3101
3162
4943
9261
7633
7464
5705
862
1846
1253
324
9180
6715
9052
9473
1970
9060
8435
6502
2092
4580
9749
1825
819
3387
3641
7910
7797
4537
6581
9332
9752
5255
4620
3999
8649
5802
3009
8355
2844
3793
9143
6883
7244
2988
5254
6000
5015
2283
1399
118
9798
8405
5180
2725
3353
1337
4123
5873
3992
9555
7908
6326
5266
1922
572
3924
2094
5052
823
6169
6050
79
3657
8300
5438
2865
4581
7832
8134
7642
2895
5513
3137
6462
9535
1347
75
1894
645
7312
1679
7137
4363
3290
5885
2816
1617
5322
2415
1329
3905
9963
1460
5231
4068
9718
4747
6880
7288
488
6756
6292
7739
6350
6660
2395
3188
8804
2387
9226
3848
199
4406
3511
4489
8913
5717
367
2415
2621
1248
9259
5417
6804
3737
2932
4053
7907
2394
9817
6600
3195
4607
157
556
5387
9399
8014
6631
3489
9629
2813
2935
3189
7481
3705
5557
7949
741
5155
4001
4380
4465
4666
9241
7498
875
934
2613
3727
8342
5281
6410
2571
2625
653
5593
4248
2955
9103
9515
7703
3737
8926
2993
8435
6324
2227
9324
31
7376
6105
7166
7239
5815
2220
8731
9942
917
3059
4512
8464
5401
2903
5148
4347
6404
363
563
6828
8113
1308
4993
1639
5640
6298
642
5539
1673
805
1173
8648
1611
2581
6352
2237
8116
9171
6756
405
1922
5651
3331
9897
4590
1051
2302
833
3778
8646
2030
5960
1663
2495
1918
6068
1111
5526
1598
9518
1577
3191
8269
111
1885
5864
6852
2819
6551
2910
6231
7234
3608
158
4906
2461
7977
5097
7049
4589
3995
9809
1761
3027
8775
5213
6985
9117
662
284
1125
2590
7572
7239
8828
8731
7383
3219
8011
8726
4199
9484
4283
867
2414
4797
2352
1505
7590
9457
8091
6015
8477
7010
5522
1768
1430
5241
1336
6672
8880
7736
2156
6267
1785
3641
9662
6370
1330
6175
5079
4758
7086
8323
389
4512
5526
893
